sist = "Sistema 1-heptene e toluene a 328.15K"
Pexp = [15.1454,16.3453,17.3852,19.0651,19.745,21.1849,23.0914,24.758,25.7446,26.1978,26.9845,27.2778,27.4911,]
xexp = [0,0.05,0.101,0.201,0.251,0.35,0.5,0.649,0.75,0.8,0.9,0.95,1,]
yexp = [0,0.118,0.213,0.352,0.406,0.513,0.645,0.758,0.826,0.859,0.925,0.96,1,]
Psat = [27.4911,15.1454,]
param2suf = [0.32462,]
param3suf = [0.32172,0.32766,]
paramNRTL = [0.89926,0.18988,0.16295,]
