sist = "Sistema benzene e thiopene a 328.15K"
Pexp = [37.6102,38.7302,39.5701,40.41,40.9033,41.5433,42.1299,42.6632,42.9298,43.4631,43.9564,44.471,]
xexp = [0,0.088,0.168,0.261,0.323,0.411,0.504,0.598,0.65,0.75,0.855,1,]
yexp = [0,0.113,0.201,0.305,0.367,0.452,0.541,0.629,0.675,0.769,0.867,1,]
Psat = [44.471,37.6102,]
param2suf = [0.10675,]
param3suf = [0.14148,0.071877,]
paramNRTL = [0.4882,-0.35024,0.56337,]
