sist = "Sistema heptane e thiophene a 328.15K"
Pexp = [37.6102,37.9835,38.3035,38.7568,39.1968,39.3568,39.4501,39.3968,39.2901,38.9301,38.4768,38.1435,37.4369,36.6237,35.4504,34.1972,32.6906,31.6641,30.2375,29.8242,27.5177,25.7179,24.078,23.5714,23.0914,]
xexp = [0,0.01,0.02,0.04,0.068,0.09,0.12,0.2,0.229,0.28,0.329,0.36,0.42,0.484,0.56,0.63,0.7,0.74,0.794,0.81,0.89,0.941,0.98,0.99,1,]
yexp = [0,0.019,0.037,0.065,0.094,0.109,0.13,0.177,0.191,0.22,0.251,0.271,0.31,0.35,0.402,0.454,0.517,0.561,0.623,0.643,0.755,0.849,0.939,0.97,1,]
Psat = [23.0914,37.6102,]
param2suf = [0.69803,]
param3suf = [0.91174,0.48,]
paramNRTL = [0.99645,0.16636,0.96634,]
