sist = "Sistema heptane e 3-pentanone a 353.15K"
Pexp = [49.7426,51.3958,53.8622,56.942,60.2217,63.2615,65.1813,66.3145,66.9012,66.8345,66.6079,66.1946,65.1146,62.5949,60.4884,59.3284,56.982,]
xexp = [0,0.02,0.051,0.098,0.164,0.251,0.334,0.417,0.584,0.626,0.673,0.726,0.798,0.895,0.944,0.965,1,]
yexp = [0,0.047,0.111,0.196,0.289,0.381,0.451,0.503,0.597,0.621,0.646,0.68,0.73,0.824,0.893,0.928,1,]
Psat = [56.982,49.7426,]
param2suf = [0.89972,]
param3suf = [0.83261,0.96676,]
paramNRTL = [0.60803,0.67661,0.40796,]
