sist = "Sistema decano e acetona a 333.15K"
compA = "decano"
compB = "acetona"
T = 333.15
Pexp = [115.1772,100.2051,98.9652,94.3922,91.7258,90.8592,89.4993,87.1928,87.0595,83.3931,77.6603,70.7942,68.9277,1.5199,]
xexp = [0,0.2678,0.3055,0.4065,0.4696,0.4884,0.5145,0.552,0.5545,0.607,0.665,0.704,0.7115,1,]
yexp = [0,0.0075,0.0075,0.0075,0.009,0.0085,0.0095,0.0108,0.0102,0.0122,0.0148,0.017,0.0173,1,]
Psat = [1.5199,115.1772,]
param2suf = [1.5597,]
param3suf = [1.7755,0.96292,]
paramNRTL = [0.30,0.077513306816573,1.817695355727450]
