sist = "Sistema benzeno e dietilamina a 328.15K"
compA = "benzeno"
compB = "dietilamina"
T = 328.15
Pexp = [100.1784,93.8856,92.0458,85.3263,77.367,73.8739,71.3275,66.6212,65.1946,56.0087,53.3556,52.409,49.3026,46.6762,43.6497,]
xexp = [0,0.125,0.159,0.286,0.43,0.493,0.538,0.62,0.646,0.802,0.845,0.862,0.912,0.953,1,]
yexp = [0,0.066,0.085,0.157,0.252,0.301,0.338,0.415,0.441,0.6335,0.698,0.725,0.812,0.894,1,]
Psat = [43.6497,100.1784,]
param2suf = [0.079297,]
param3suf = [0.08297,0.075838,]
paramNRTL = [0.50079,-0.057236,0.14257,]
