sist = "Sistema benzeno e trietilamina a 353.15K"
compA = "benzeno"
compB = "trietilamina"
T = 353.15
Pexp = [76.2604,78.2869,79.3801,80.8334,82.6599,83.6065,85.3396,86.6862,88.0194,89.4993,90.6592,92.0058,93.1657,94.1523,95.4455,96.1654,97.072,98.0719,99.2452,99.4585,100.0184,101.0317,]
xexp = [0,0.059,0.091,0.135,0.191,0.218,0.273,0.314,0.358,0.409,0.441,0.495,0.535,0.573,0.63,0.66,0.71,0.767,0.857,0.873,0.918,1,]
yexp = [0,0.082,0.124,0.18,0.249,0.281,0.342,0.3865,0.434,0.482,0.516,0.564,0.602,0.636,0.685,0.712,0.756,0.805,0.88,0.8935,0.931,1,]
Psat = [101.0317,76.2604,]
param2suf = [0.14115,]
param3suf = [0.10718,0.17424,]
paramNRTL = [0.54582,0.48139,-0.25988,]
