sist = "Sistema heptane e p-xylene a 313.11K"
Pexp = [2.681,4.0637,5.1929,6.0888,6.9021,7.5234,8.046,8.0793,8.49,8.694,8.8753,9.4139,10.2525,11.1511,12.29,]
xexp = [0,0.1,0.196,0.282,0.366,0.434,0.496,0.498,0.546,0.572,0.592,0.658,0.758,0.868,1,]
yexp = [0,0.398,0.574,0.67,0.737,0.781,0.814,0.815,0.838,0.85,0.858,0.885,0.922,0.959,1,]
Psat = [12.29,2.681,]
param2suf = [0.32593,]
param3suf = [0.36876,0.29513,]
paramNRTL = [0.45312,-0.054417,0.42842,]
