sist = "Sistema ciclopentano e clorofórmio a 298.15K"
compA = "ciclopentano"
compB = "clorofórmio"
T = 298.15
Pexp = [26.431,28.541,30.532,32.658,34.745,36.508,37.802,38.944,39.994,40.903,41.604,42.012,42.311,42.383,]
xexp = [0,0.0605,0.123,0.2019,0.2937,0.3859,0.4682,0.557,0.6416,0.7342,0.826,0.8923,0.9583,1,]
yexp = [0,0.129,0.2326,0.339,0.4387,0.5232,0.5884,0.6528,0.7171,0.7826,0.8526,0.9051,0.9616,1,]
Psat = [42.383,26.431,]
param2suf = [0.42026,]
param3suf = [0.42708,0.41352,]
paramNRTL = [0.51122,0.1907,0.25545,]
