sist = "Sistema heptano e trietilamina a 333.15K"
compA = "heptano"
compB = "trietilamina"
T = 333.15
Pexp = [38.7035,37.5569,37.1569,36.717,36.1037,35.5304,35.0638,34.4905,34.0772,33.7572,33.3306,32.864,32.664,32.2773,31.6241,31.0641,30.6908,30.2775,29.7442,28.051,]
xexp = [0,0.117,0.158,0.2,0.259,0.3155,0.3595,0.4135,0.4525,0.482,0.522,0.565,0.5835,0.619,0.678,0.7285,0.7625,0.7995,0.8465,1,]
yexp = [0,0.0895,0.122,0.156,0.2045,0.253,0.2915,0.3405,0.3765,0.4042,0.443,0.485,0.5045,0.541,0.6035,0.6595,0.698,0.7415,0.798,1,]
Psat = [28.051,38.7035,]
param2suf = [0.021304,]
param3suf = [0.020543,0.022118,]
paramNRTL = [0.50128,0.010799,0.010562,]
