sist = "Sistema benzene e cyclohexane a 313.15K"
Pexp = [24.5647,26.4765,27.0351,27.0831,27.4257,27.3004,27.2138,26.7538,26.0965,24.9153,24.3033,]
xexp = [0,0.231,0.311,0.332,0.504,0.618,0.653,0.749,0.847,0.954,1,]
yexp = [0,0.28,0.354,0.372,0.507,0.591,0.619,0.7,0.797,0.932,1,]
Psat = [24.3033,24.5647,]
param2suf = [0.46084,]
param3suf = [0.41578,0.50241,]
paramNRTL = [0.23171,0.62539,-0.11938,]
