sist = "Sistema pentano e 1-butanol a 303.15K"
compA = "pentano"
compB = "1-butanol"
T = 303.15
Pexp = [1.2759,4.6916,7.9594,16.9359,29.4869,39.6234,47.8027,59.4458,66.6599,71.1528,74.1672,76.3697,78.2682,80.0307,82.0706,]
xexp = [0,0.01,0.02,0.05,0.1,0.15,0.2,0.3,0.4,0.5,0.6,0.7,0.8,0.9,1,]
yexp = [0,0.73,0.8421,0.9274,0.9598,0.9711,0.9769,0.9825,0.9853,0.9869,0.988,0.9889,0.99,0.9914,1,]
Psat = [82.0706,1.2759,]
param2suf = [1.552,]
param3suf = [1.4102,2.0877,]
paramNRTL = [0.46702,2.2256,0.67283,]
