sist = "Sistema dietil éter e acetona a 303.15K"
compA = "dietil éter"
compB = "acetona"
T = 303.15
Pexp = [37.6902,39.6501,43.4631,45.0363,54.6088,63.9547,67.0211,74.3672,79.5934,82.2466,84.9263,86.0329,86.1262,]
xexp = [0,0.0201,0.0472,0.0663,0.1619,0.2953,0.3493,0.5042,0.6546,0.7491,0.8673,0.9613,1,]
yexp = [0,0.0697,0.1696,0.2101,0.4066,0.5545,0.5997,0.6996,0.7782,0.827,0.896,0.9663,1,]
Psat = [86.1262,37.6902,]
param2suf = [0.68182,]
param3suf = [0.61549,0.76428,]
paramNRTL = [0.51275,0.62859,0.16761,]
