sist = "Sistema diethyl ether e methyl iodide a 308.15K"
Pexp = [78.4069,86.8195,92.0324,95.4721,97.8719,99.5651,100.7651,101.5516,102.2982,102.8582,103.3915,]
xexp = [0,0.1,0.2,0.3,0.4,0.5,0.6,0.7,0.8,0.9,1,]
yexp = [0,0.1796,0.2954,0.385,0.465,0.5438,0.6261,0.7143,0.8085,0.9054,1,]
Psat = [103.3915,78.4069,]
param2suf = [0.38539,]
param3suf = [0.58663,0.1898,]
paramNRTL = [0.0051526,-21.0893,24.1173,]
