sist = "Sistema acetone e chloroform a 308.15K"
Pexp = [39.3301,37.2903,35.2771,33.8906,33.5172,34.4105,35.8904,38.4235,40.9966,43.6097,46.4628,]
xexp = [0,0.1007,0.2007,0.3018,0.3982,0.4987,0.5905,0.6972,0.7961,0.8921,1,]
yexp = [0,0.059,0.144,0.27,0.41,0.558,0.68,0.805,0.888,0.951,1,]
Psat = [46.4629,39.3301,]
param2suf = [-0.88427,]
param3suf = [-1.0473,-0.73366,]
paramNRTL = [0.19956,-1.2695,0.5745,]
