sist = "Sistema acetone e methanol a 328.15K"
Pexp = [68.5277,78.1402,85.633,90.4459,94.4989,96.8987,98.6186,99.8718,100.2851,99.4718,98.3252,97.192,]
xexp = [0,0.092,0.192,0.29,0.401,0.501,0.584,0.687,0.756,0.895,0.954,1,]
yexp = [0,0.186,0.326,0.423,0.511,0.583,0.643,0.712,0.762,0.882,0.945,1,]
Psat = [97.192,68.5277,]
param2suf = [0.63288,]
param3suf = [0.66118,0.60557,]
paramNRTL = [0.94773,0.334,0.44166,]
