sist = "Sistema 1,4 dioxano e metanol a 308.15K"
compA = "1,4 dioxano"
compB = "metanol"
T = 308.15
Pexp = [28.0244,27.759,27.4737,27.0818,26.4645,25.0646,24.022,22.8341,21.7649,20.2983,18.1278,15.7094,14.1855,13.0096,11.9084,8.0633,]
xexp = [0,0.056,0.106,0.167,0.232,0.378,0.459,0.553,0.614,0.677,0.771,0.841,0.886,0.907,0.93,1,]
yexp = [0,0.044,0.073,0.102,0.13,0.175,0.204,0.234,0.263,0.297,0.367,0.446,0.512,0.573,0.63,1,]
Psat = [8.0633,28.0244,]
param2suf = [0.98577,]
param3suf = [1.0997,0.91025,]
paramNRTL = [0.59632,0.42795,0.82879,]
