sist = "Sistema etanol e trietilamina a 308K"
compA = "etanol"
compB = "trietilamina"
T = 308
Pexp = [13.9455,14.5521,15.0321,15.6787,15.8387,15.7587,15.4987,15.3187,15.0788,14.5521,13.9722,13.5989,]
xexp = [0,0.0585,0.1095,0.275,0.4175,0.4735,0.599,0.655,0.7135,0.8125,0.919,1,]
yexp = [0,0.09,0.156,0.307,0.4095,0.451,0.545,0.595,0.6465,0.7565,0.891,1,]
Psat = [13.5989,13.9455,]
param2suf = [0.50907,]
param3suf = [0.71706,0.30751,]
paramNRTL = [0.0014904,-50.3388,54.9896,]
