sist = "Sistema 1-propanol e 2-metil-1-propanol a 343.15K"
compA = "1-propanol"
compB = "2-metil-1-propanol"
T = 343.15
Pexp = [20.9316,22.1982,23.4381,24.318,25.5179,26.6645,27.731,28.971,29.7442,31.1574,32.9973,]
xexp = [0,0.114,0.211,0.279,0.376,0.483,0.561,0.678,0.727,0.849,1,]
yexp = [0,0.159,0.299,0.375,0.481,0.585,0.68,0.757,0.807,0.905,1,]
Psat = [32.9973,20.9316,]
param2suf = [-0.0075644,]
param3suf = [0.0011009,-0.01554,]
paramNRTL = [0.68639,0.083695,-0.086398,]
