sist = "Sistema methanol e 2-methyl-1-propanol a 323.15K"
Pexp = [7.4661,13.7322,19.6117,25.0113,30.4375,35.1038,39.7834,43.9964,48.476,52.3024,56.262,]
xexp = [0,0.1,0.2,0.3,0.4,0.5,0.6,0.7,0.8,0.9,1,]
yexp = [0,0.508,0.693,0.786,0.849,0.889,0.921,0.945,0.966,0.984,1,]
Psat = [56.262,7.4661,]
param2suf = [0.3162,]
param3suf = [0.21402,0.42356,]
paramNRTL = [0.92992,0.59618,-0.11163,]
