sist = "Sistema etanol e 2-metil-1-propanol a 333.15K"
compA = "etanol"
compB = "2-metil-1-propanol"
T = 333.15
Pexp = [12.799,17.1186,21.1316,25.0246,28.6376,32.064,35.3838,38.4902,41.3966,44.3697,47.1028,]
xexp = [0,0.1,0.2,0.3,0.4,0.5,0.6,0.7,0.8,0.9,1,]
yexp = [0,0.325,0.513,0.635,0.724,0.792,0.846,0.893,0.932,0.967,1,]
Psat = [47.1028,12.799,]
param2suf = [0.24064,]
param3suf = [0.16984,0.30654,]
paramNRTL = [0.75855,0.5295,-0.17561,]
