sist = "Sistema butylamine e 1-butanol a 313.15K"
Pexp = [2.5465,2.9331,4.133,5.3329,7.9993,10.7991,14.0655,17.3319,21.1316,25.4779,]
xexp = [0,0.041,0.122,0.196,0.324,0.452,0.573,0.695,0.835,1,]
yexp = [0,0.185,0.47,0.631,0.796,0.89,0.942,0.967,0.986,1,]
Psat = [25.4779,2.5465,]
param2suf = [-0.61628,]
param3suf = [-0.66347,-0.56168,]
paramNRTL = [0.98023,-0.35026,-0.18545,]
