sist = "Sistema etanol e acetonitrila a 313.15K"
compA = "etanol"
compB = "acetonitrila"
T = 313.15
Pexp = [22.9048,24.0247,25.5846,26.6111,27.4244,27.8377,28.011,28.091,28.1177,28.1044,27.6644,26.8111,25.7979,24.1847,21.8915,20.1183,17.9852,]
xexp = [0,0.0281,0.0831,0.1415,0.2314,0.2884,0.333,0.404,0.414,0.4813,0.5623,0.6965,0.7885,0.8681,0.9252,0.9659,1,]
yexp = [0,0.0663,0.1596,0.2435,0.3117,0.3442,0.3684,0.4115,0.414,0.4376,0.4753,0.5344,0.5987,0.6687,0.7708,0.8664,1,]
Psat = [17.9852,22.9048,]
param2suf = [1.2599,]
param3suf = [1.2129,1.3047,]
paramNRTL = [0.56411,0.8782,0.73889,]
