sist = "Sistema bromobenzeno e ciclohexanol a 383.15K"
compA = "bromobenzeno"
compB = "ciclohexanol"
T = 383.15
Pexp = [16.732,19.2518,22.0782,24.3047,25.5179,26.8378,27.1711,27.6244,27.7844,27.3577,26.5445,]
xexp = [0,0.072,0.185,0.308,0.398,0.53,0.599,0.67,0.815,0.925,1,]
yexp = [0,0.197,0.367,0.501,0.568,0.644,0.681,0.724,0.811,0.902,1,]
Psat = [26.5445,16.732,]
param2suf = [0.7995,]
param3suf = [0.69181,0.90362,]
paramNRTL = [0.78762,0.70824,0.31901,]
