sist = "Sistema 1,2-dichloroethane e 2-methyl-1-propanol a 323.15K"
Pexp = [7.4661,13.8655,19.1984,23.0781,25.6646,27.3977,28.7976,29.9975,30.7975,31.1974,31.1308,]
xexp = [0,0.1,0.2,0.3,0.4,0.5,0.6,0.7,0.8,0.9,1,]
yexp = [0,0.514,0.684,0.766,0.812,0.84,0.861,0.878,0.896,0.928,1,]
Psat = [31.1308,7.4661,]
param2suf = [1.1976,]
param3suf = [0.87562,1.5703,]
paramNRTL = [0.19461,2.2516,-0.52041,]
