sist = "Sistema ciclohexano e tolueno a 298.15K"
compA = "ciclohexano"
compB = "tolueno"
T = 298.15
Pexp = [3.794,4.581,5.1849,6.5368,7.7647,8.6993,9.4299,10.3471,10.9484,11.4884,12.2177,12.643,13.12,]
xexp = [0,0.051,0.101,0.199,0.284,0.4,0.5,0.6,0.7,0.8,0.9,0.95,1,]
yexp = [0,0.216,0.361,0.531,0.609,0.714,0.774,0.822,0.867,0.912,0.953,0.976,1,]
Psat = [13.12,3.794,]
param2suf = [0.4487,]
param3suf = [0.43065,0.46962,]
paramNRTL = [0.15692,0.48251,-0.014297,]
