sist = "Sistema água e dietilamina a 311.5K"
compA = "água"
compB = "dietilamina"
T = 311.5
Pexp = [54.3822,53.049,51.7424,48.956,45.9296,42.2499,38.2635,34.2772,30.2642,26.2912,22.3582,18.7051,6.7594,]
xexp = [0,0.05,0.1,0.2,0.3,0.4,0.5,0.6,0.7,0.8,0.9,0.95,1,]
yexp = [0,0.02,0.032,0.053,0.072,0.095,0.123,0.154,0.191,0.234,0.285,0.347,1,]
Psat = [6.7594,54.3822,]
param2suf = [1.1559,]
param3suf = [0.61064,1.5526,]
paramNRTL = [0.91274,1.9921,0.8305,]
