sist = "Sistema water e pyridine a 362.98K"
Pexp = [45.5829,48.436,50.3825,57.7152,65.2213,71.7141,75.2071,77.647,80.8734,83.5798,85.553,86.5795,86.8329,86.7262,86.5662,86.0863,84.873,80.0867,69.6476,]
xexp = [0,0.0183,0.0329,0.0914,0.1671,0.2527,0.3114,0.3579,0.4365,0.5159,0.6027,0.6791,0.7383,0.8032,0.8293,0.8868,0.9412,0.9834,1,]
yexp = [0,0.0771,0.1289,0.2689,0.3955,0.4931,0.5411,0.575,0.6228,0.6656,0.705,0.7333,0.7511,0.7672,0.773,0.776,0.8027,0.8621,1,]
Psat = [69.6476,45.5829,]
param2suf = [1.3621,]
param3suf = [0.76825,1.9604,]
paramNRTL = [0.62498,2.7021,0.58739,]
