sist = "Sistema chlrobenzene e propionic acid a 313.15K"
Pexp = [1.3599,1.4399,1.5199,1.5865,1.7065,1.7998,1.9065,2.0265,2.1332,2.2665,2.3998,2.5331,2.6798,2.8264,2.9731,3.1197,3.2664,3.3864,3.4931,3.573,3.6264,]
xexp = [0,0.018,0.036,0.054,0.073,0.093,0.114,0.138,0.164,0.194,0.23,0.27,0.32,0.378,0.448,0.529,0.62,0.722,0.83,0.921,1,]
yexp = [0,0.005,0.1,0.15,0.2,0.25,0.3,0.35,0.4,0.45,0.5,0.55,0.6,0.65,0.7,0.75,0.8,0.85,0.9,0.95,1,]
Psat = [3.6264,1.3599,]
param2suf = [0.65401,]
param3suf = [0.47707,0.93841,]
paramNRTL = [0.0027495,37.4026,-33.2557,]
