sist = "Sistema carbon disulfide e cyclopentane a 288.15K"
Pexp = [28.1257,28.7843,28.859,29.3309,30.5415,31.892,32.208,32.6973,32.88,33.5492,33.9372,33.9945,34.0825,34.0825,33.9812,33.8799,33.6639,32.7106,32.5147,]
xexp = [0,0.0365,0.0425,0.0741,0.1584,0.2836,0.3054,0.365,0.382,0.4916,0.5818,0.5919,0.7044,0.7627,0.813,0.8377,0.8838,0.979,1,]
yexp = [0,0.0585,0.066,0.1095,0.217,0.3522,0.3738,0.4292,0.445,0.5372,0.6089,0.6166,0.7052,0.7525,0.7962,0.8188,0.8634,0.9715,1,]
Psat = [32.5147,28.1257,]
param2suf = [0.40475,]
param3suf = [0.33122,0.47342,]
paramNRTL = [0.71176,0.49958,-0.01034,]
