sist = "Sistema hexafluorobenzene e p-xylene a 313.15K"
Pexp = [2.6491,3.8437,4.9169,6.0648,7.5607,9.2272,11.8444,14.0029,16.3867,18.4812,20.4477,22.4515,]
xexp = [0,0.0958,0.1808,0.2631,0.356,0.444,0.5625,0.6504,0.7441,0.8276,0.909,1,]
yexp = [0,0.3754,0.5558,0.678,0.7798,0.8506,0.9158,0.9476,0.9703,0.9839,0.9929,1,]
Psat = [22.4515,2.6491,]
param2suf = [-0.6302,]
param3suf = [-0.4581,-0.78491,]
paramNRTL = [0.44155,0.37494,-0.81953,]
